BRENTFORD
====================================================================================================================================================================================================================================================================
Updated: 2026-08-30 13:33:50
Gameweek: GW2
Players: 26

PLAYER                      POS   PRICE    GW PTS TOTAL PTSGW BONUSTOTAL BONUSGW BPS TOTAL BPSGW DC  TOTAL DCGW xG   TOTAL xGGW xA   TOTAL xAGW xGI  TOTAL xGIGW G  TOTAL GGW A  TOTAL AGW MIN TOTAL MINOWN      FORM    PPG     
--------------------------------------------------------------------------------------------------------------------------------------------------------------------------------------------------------------------------------------------------------------------
Caoimhín Kelleher           GK    £5.0m    1      8       0       0        3      37      0      0       0       0       0       0.01    0       0.01    0     0      0     0      31     118     6.6%     4       4       
Hákon Rafn Valdimarsson     GK    £4.5m    0      0       0       0        0      0       0      0       0       0       0       0       0       0       0     0      0     0      0      0       0.1%     0       0       
Kristoffer Ajer             DEF   £4.5m    1      9       0       0        3      32      2      12      0       0.11    0       0.02    0       0.13    0     0      0     0      31     118     4.2%     4.5     4.5     
Nathan Collins              DEF   £5.5m    1      7       0       0        7      28      5      7       0.02    0.36    0       0.04    0.02    0.4     0     0      0     0      31     118     2.1%     3.5     3.5     
El Hadji Malick Diouf       DEF   £4.5m    0      0       0       0        0      0       0      0       0       0       0       0       0       0       0     0      0     0      0      0       0.0%     0       0       
Rico Henry                  DEF   £4.5m    0      0       0       0        0      0       0      0       0       0       0       0       0       0       0     0      0     0      0      0       0.2%     0       0       
Aaron Hickey                DEF   £4.5m    0      1       0       0        0      2       0      0       0       0       0       0       0       0       0     0      0     0      0      14      0.1%     0.5     1       
Kim Ji-soo                  DEF   £4.5m    0      0       0       0        0      0       0      0       0       0       0       0       0       0       0     0      0     0      0      0       0.0%     0       0       
Michael Kayode              DEF   £4.6m    1      14      0       1        4      40      1      5       0       0.5     0       0       0       0.5     0     1      0     0      31     103     8.2%     7       7       
Jannik Schuster             DEF   £4.5m    0      0       0       0        0      0       0      0       0       0       0       0       0       0       0     0      0     0      0      0       0.2%     0       0       
Sepp van den Berg           DEF   £5.0m    0      0       0       0        0      0       0      0       0       0       0       0       0       0       0     0      0     0      0      0       0.1%     0       0       
Jaidon Anthony              MID   £6.0m    0      2       0       0        -1     12      1      9       0.08    0.11    0.01    0.36    0.09    0.47    0     0      0     0      31     51      0.2%     1       1       
Mikkel Damsgaard            MID   £5.5m    3      4       2       2        9      15      3      7       0.01    0.01    0.05    0.16    0.06    0.17    0     0      0     0      31     42      0.5%     2       2       
Josh Dasilva                MID   £5.0m    0      0       0       0        0      0       0      0       0       0       0       0       0       0       0     0      0     0      0      0       0.0%     0       0       
Fábio Freitas Gouveia CarvalhoMID   £5.0m    0      0       0       0        0      0       0      0       0       0       0       0       0       0       0     0      0     0      0      0       0.0%     0       0       
Vitaly Janelt               MID   £5.0m    1      10      0       0        4      39      6      17      0       0.39    0       0.17    0       0.56    0     1      0     0      31     118     0.6%     5       5       
Mathias Jensen              MID   £5.5m    0      6       0       0        0      22      0      5       0       0.08    0       0.34    0       0.42    0     0      0     1      0      66      0.2%     3       6       
Keane Lewis-Potter          MID   £5.5m    1      11      0       2        6      43      2      12      0.02    0.79    0.02    0.14    0.04    0.93    0     1      0     0      31     118     1.2%     5.5     5.5     
Antoni Milambo              MID   £5.0m    0      0       0       0        0      0       0      0       0       0       0       0       0       0       0     0      0     0      0      0       0.0%     0       0       
Dango Ouattara              MID   £6.5m    0      3       0       0        0      6       0      6       0       0.05    0       0.29    0       0.34    0     0      0     0      0      66      1.1%     1.5     3       
Mamadou Sangaré             MID   £5.6m    1      15      0       3        5      46      4      17      0.07    0.12    0.01    0.34    0.08    0.46    0     0      0     2      31     103     9.8%     7.5     7.5     
Kevin Schade                MID   £6.0m    3      6       2       2        9      26      3      11      0.12    0.64    0       0.01    0.12    0.65    0     0      0     0      31     118     3.4%     3       3       
Yehor Yarmoliuk             MID   £5.0m    0      1       0       0        0      7       0      6       0       0.04    0       0       0       0.04    0     0      0     0      0      23      1.1%     0.5     1       
Kaye Furo                   FWD   £4.5m    0      0       0       0        0      0       0      0       0       0       0       0       0       0       0     0      0     0      0      0       0.9%     0       0       
Igor Thiago Nascimento RodriguesFWD   £8.0m    1      1       0       0        5      2       1      6       0.03    1.03    0.01    0.09    0.04    1.12    0     0      0     0      31     110     16.2%    0.5     0.5     
Callum Wilson               FWD   £5.5m    0      1       0       0        0      4       0      0       0       0.03    0       0.04    0       0.07    0     0      0     0      0      7       0.4%     0.5     1       