FULHAM
====================================================================================================================================================================================================================================================================
Updated: 2026-08-30 13:12:57
Gameweek: GW2
Players: 24

PLAYER                      POS   PRICE    GW PTS TOTAL PTSGW BONUSTOTAL BONUSGW BPS TOTAL BPSGW DC  TOTAL DCGW xG   TOTAL xGGW xA   TOTAL xAGW xGI  TOTAL xGIGW G  TOTAL GGW A  TOTAL AGW MIN TOTAL MINOWN      FORM    PPG     
--------------------------------------------------------------------------------------------------------------------------------------------------------------------------------------------------------------------------------------------------------------------
Benjamin Lecomte            GK    £4.0m    0      0       0       0        0      0       0      0       0       0       0       0       0       0       0     0      0     0      0      0       1.2%     0       0       
Bernd Leno                  GK    £4.5m    1      3       0       0        3      14      0      0       0       0       0       0       0       0       0     0      0     0      10     98      3.0%     1.5     1.5     
Alfie McNally               GK    £4.0m    0      0       0       0        0      0       0      0       0       0       0       0       0       0       0     0      0     0      0      0       0.2%     0       0       
Joachim Andersen            DEF   £5.0m    1      1       0       0        3      3       0      0       0       0       0       0       0       0       0     0      0     0      10     8       0.1%     0.5     1       
Calvin Bassey               DEF   £4.5m    1      1       0       0        2      3       0      4       0       0.02    0       0.02    0       0.04    0     0      0     0      10     98      0.8%     0.5     0.5     
Timothy Castagne            DEF   £4.5m    1      7       0       0        2      23      0      6       0       0.09    0       0.18    0       0.27    0     0      0     2      10     98      0.5%     3.5     3.5     
Jorge Cuenca Barreno        DEF   £4.5m    0      3       0       0        0      7       0      10      0       0       0       0.03    0       0.03    0     0      0     0      0      90      0.0%     1.5     3       
Luc De Fougerolles          DEF   £4.0m    0      0       0       0        0      0       0      0       0       0       0       0       0       0       0     0      0     0      0      0       0.1%     0       0       
Antonee Robinson            DEF   £4.5m    1      2       0       0        7      7       2      7       0       0.13    0       0.04    0       0.17    0     0      0     0      10     89      1.7%     1       1       
Ryan Sessegnon              DEF   £4.5m    0      1       0       0        0      7       0      1       0       0.03    0       0       0       0.03    0     0      0     0      0      17      0.4%     0.5     1       
Kenny Tete                  DEF   £4.5m    0      0       0       0        0      0       0      0       0       0       0       0       0       0       0     0      0     0      0      0       0.3%     0       0       
Sander Berge                MID   £5.0m    1      3       0       0        3      17      0      4       0       0.03    0       0.03    0       0.06    0     0      0     0      10     80      0.4%     1.5     1.5     
Oscar Bobb                  MID   £5.5m    1      3       0       0        3      13      0      6       0       0       0       0.26    0       0.26    0     0      0     0      10     74      0.3%     1.5     1.5     
Tom Cairney                 MID   £5.0m    0      0       0       0        0      0       0      0       0       0       0       0       0       0       0     0      0     0      0      0       0.0%     0       0       
Shea Charles                MID   £5.0m    0      1       0       0        0      5       0      3       0       0       0       0       0       0       0     0      0     0      0      23      0.1%     0.5     1       
Alex Iwobi                  MID   £5.5m    1      3       0       0        3      20      1      11      0       0       0       0.04    0       0.04    0     0      0     0      10     98      1.0%     1.5     1.5     
Josh King                   MID   £5.5m    1      8       0       0        3      37      0      8       0       0.17    0       0.04    0       0.21    0     1      0     0      10     98      0.6%     4       4       
César Palacios              MID   £5.5m    1      3       0       0        3      13      3      7       0       0.16    0       0.01    0       0.17    0     0      0     0      10     80      0.2%     1.5     1.5     
Harrison Reed               MID   £4.5m    0      0       0       0        0      0       0      0       0       0       0       0       0       0       0     0      0     0      0      0       1.4%     0       0       
Kevin Santos Lopes de MacedoMID   £5.5m    0      1       0       0        0      2       0      3       0       0       0       0.01    0       0.01    0     0      0     0      0      17      0.1%     0.5     1       
Emile Smith Rowe            MID   £5.5m    0      0       0       0        0      0       0      0       0       0       0       0       0       0       0     0      0     0      0      0       0.4%     0       0       
Gonzalo García              FWD   £6.0m    1      7       0       0        3      36      1      2       0       0.73    0       0.01    0       0.74    0     1      0     0      10     98      4.4%     3.5     3.5     
Jonah Kusi-Asare            FWD   £4.5m    0      0       0       0        0      0       0      0       0       0       0       0       0       0       0     0      0     0      0      0       6.9%     0       0       
Rodrigo Muniz Carvalho      FWD   £5.5m    0      1       0       0        0      6       0      1       0       0.02    0       0       0       0.02    0     0      0     0      0      8       0.5%     0.5     1       