LEEDS
====================================================================================================================================================================================================================================================================
Updated: 2026-08-30 13:23:22
Gameweek: GW2
Players: 27

PLAYER                      POS   PRICE    GW PTS TOTAL PTSGW BONUSTOTAL BONUSGW BPS TOTAL BPSGW DC  TOTAL DCGW xG   TOTAL xGGW xA   TOTAL xAGW xGI  TOTAL xGIGW G  TOTAL GGW A  TOTAL AGW MIN TOTAL MINOWN      FORM    PPG     
--------------------------------------------------------------------------------------------------------------------------------------------------------------------------------------------------------------------------------------------------------------------
Lucas Estella Perri         GK    £4.5m    0      0       0       0        0      0       0      0       0       0       0       0       0       0       0     0      0     0      0      0       0.5%     0       0       
James Trafford              GK    £5.0m    2      11      0       2        13     41      0      0       0       0       0       0       0       0       0     0      0     0      19     111     4.6%     5.5     5.5     
Jaka Bijol                  DEF   £5.0m    1      11      0       2        3      31      1      13      0       0.11    0       0       0       0.11    0     0      0     0      19     111     1.0%     5.5     5.5     
Jayden Bogle                DEF   £4.5m    1      7       0       0        3      27      1      4       0       0       0       0       0       0       0     0      0     0      19     111     0.5%     3.5     3.5     
Sebastiaan Bornauw          DEF   £4.5m    0      0       0       0        0      0       0      0       0       0       0       0       0       0       0     0      0     0      0      0       0.0%     0       0       
Nico Elvedi                 DEF   £4.5m    0      0       0       0        0      0       0      0       0       0       0       0       0       0       0     0      0     0      0      0       0.0%     0       0       
Gabriel Gudmundsson         DEF   £4.5m    0      0       0       0        0      0       0      0       0       0       0       0       0       0       0     0      0     0      0      0       0.0%     0       0       
James Justin                DEF   £4.5m    1      11      0       2        7      35      4      16      0       0       0       0.01    0       0.01    0     0      0     0      19     111     1.3%     5.5     5.5     
Jayden Lienou               DEF   £4.0m    0      0       0       0        0      0       0      0       0       0       0       0       0       0       0     0      0     0      0      0       0.1%     0       0       
Tarik Muharemović           DEF   £5.0m    1      7       0       0        4      31      5      13      0       0.09    0       0       0       0.09    0     0      0     0      19     111     3.3%     3.5     3.5     
Joe Rodon                   DEF   £4.5m    1      7       0       0        3      24      2      9       0       0.03    0       0.06    0       0.09    0     0      0     0      19     111     3.6%     3.5     3.5     
Brenden Aaronson            MID   £5.5m    1      4       0       0        3      19      0      7       0       0.01    0       0.01    0       0.02    0     0      0     0      19     102     0.8%     2       2       
Ethan Ampadu                MID   £5.5m    1      6       0       0        4      22      2      15      0       0       0       0.04    0       0.04    0     0      0     0      19     111     1.3%     3       3       
Tanaka Ao                   MID   £5.0m    0      0       0       0        0      0       0      0       0       0       0       0       0       0       0     0      0     0      0      0       0.2%     0       0       
Alfie Cresswell             MID   £4.5m    0      0       0       0        0      0       0      0       0       0       0       0       0       0       0     0      0     0      0      0       0.1%     0       0       
Wilfried Gnonto             MID   £5.0m    0      0       0       0        0      0       0      0       0       0       0       0       0       0       0     0      0     0      0      0       0.0%     0       0       
Ilia Gruev                  MID   £5.0m    0      0       0       0        0      0       0      0       0       0       0       0       0       0       0     0      0     0      0      0       0.0%     0       0       
Jack Harrison               MID   £5.0m    0      0       0       0        0      0       0      0       0       0       0       0       0       0       0     0      0     0      0      0       0.0%     0       0       
Daniel James                MID   £5.0m    0      0       0       0        0      0       0      0       0       0       0       0       0       0       0     0      0     0      0      0       0.1%     0       0       
Sean Longstaff              MID   £5.0m    0      1       0       0        0      3       0      0       0       0       0       0       0       0       0     0      0     0      0      8       0.1%     0.5     1       
Noah Okafor                 MID   £5.9m    1      2       0       0        5      15      1      6       0.02    0.02    0.01    0.17    0.03    0.19    0     0      0     0      19     45      0.4%     1       1       
Anton Stach                 MID   £6.0m    1      14      0       3        3      39      4      20      0       0.1     0       0.05    0       0.15    0     1      0     0      19     111     2.8%     7       7       
Harry Wilson                MID   £6.5m    0      3       0       0        0      8       0      2       0       0       0       0.02    0       0.02    0     0      0     0      0      65      5.4%     1.5     3       
Dominic Calvert-Lewin       FWD   £6.0m    1      2       0       0        1      0       0      2       0       0.13    0       0       0       0.13    0     0      0     0      19     111     27.7%    1       1       
Mateo Joseph Fernández-RegatilloFWD   £4.5m    0      0       0       0        0      0       0      0       0       0       0       0       0       0       0     0      0     0      0      0       0.1%     0       0       
Lukas Nmecha                FWD   £5.5m    0      0       0       0        0      0       0      0       0       0       0       0       0       0       0     0      0     0      0      0       0.5%     0       0       
Joël Piroe                  FWD   £5.0m    0      0       0       0        0      0       0      0       0       0       0       0       0       0       0     0      0     0      0      0       0.1%     0       0       